---
42
100000
+13851
-315873157931
07
92
-07
92
+07
92
0x1FefabcEd
-0x1FefabcEd
+0x1FefabcEd3
---
0x1abcdef
0x1abcdef
0x100
100
---
127.0
.0
.1
+.5
+5.2
-5.e-2
-5.1e2
-5.1e-2
-5.1e-2
.5
+9317531.83156731963e42
+30.
+00
-30.
-00
1e9
1e+10
1e-2
---
'\''
'\"'
'\u0123'
'\u042e'
'\n'
'\\'
'\t'
'a'
'b'
'c'
'"'
"aba\""
"\\"
"\"vqome"
"\u042e\u042e\\\"\'\t\n\\\\"
"end"
---
2022
-05
-28
+2022
-05
-28
12222
-05
-28
2023
-01
-15
2023
2023
-10
-12
2023
-11
-22
2023
-12
-29
2023
-13
-12
2023
-20
-12
2023
-12
-31
2023
-12
-32
2023
-00
-02
2023
-02
-00
---
00
00
0023
59
5910
23
0201
02
0315
22
33.000000
10
00
00.215644
---
2022
-05
-28
01
02
03.135164
2022
-05
-28
01
02
03
2022
-13
-01
10
20
30
40
---
.3
3.5
.7
3.13
+5.e+2
+10
+10
+10.344
+3.5
-5.22
+117
-3.15358
---
---
-3.5
---
3.5e2
3.552
2012
-12
-21
12
00
0042
---
"first token"
"second token"
"third token"
